0.021095991134643555
0.020242929458618164
0.020354509353637695
0.020501136779785156
0.020145177841186523
0.02002429962158203
0.020064592361450195
0.019970417022705078
0.02005457878112793
0.019906997680664062
0.020114660263061523
0.02014446258544922
0.020032167434692383
0.019993305206298828
0.01991748809814453
0.02000737190246582
0.02005934715270996
0.020325660705566406
0.020269393920898438
0.020275354385375977
0.01994180679321289
0.01993107795715332
0.01999688148498535
0.02003931999206543
0.019943952560424805
0.019964218139648438
0.018941640853881836
0.01995706558227539
0.020009756088256836
0.020091772079467773
0.019957304000854492
0.019869089126586914
0.021055221557617188
0.017911911010742188
0.021137237548828125
0.01999187469482422
0.01992344856262207
0.02007603645324707
0.019921541213989258
0.019923686981201172
