0.005114555358886719
0.005097389221191406
0.005092144012451172
0.005101680755615234
0.005091428756713867
0.005092144012451172
0.0050961971282958984
0.005095481872558594
0.005090475082397461
0.005090951919555664
0.005091190338134766
0.0050907135009765625
0.005089998245239258
0.005090236663818359
0.005089282989501953
0.005091190338134766
0.0050907135009765625
0.005089998245239258
0.005092144012451172
0.00509190559387207
0.0050907135009765625
0.005090951919555664
0.005091190338134766
0.005091428756713867
0.005091667175292969
0.005091667175292969
0.0050907135009765625
0.0050923824310302734
0.005090236663818359
0.0050907135009765625
0.005101680755615234
0.005093097686767578
0.0050923824310302734
0.005091428756713867
0.0050907135009765625
0.005089282989501953
0.00509190559387207
0.005091428756713867
0.005089759826660156
0.0050945281982421875
